96
44800
77223
40406
11552
45106
30555
37430
58623
20193
70850
20388
4253
48955
99961
62882
9236
46612
66664
21464
83409
88774
7904
25353
47651
59344
57724
1654
1818
60799
25962
68248
93232
70807
43498
25376
81901
91146
92483
7384
31151
14140
84324
55498
78434
46631
66218
96026
21099
22663
11401
67861
3661
66027
41522
86734
84776
96057
20896
65384
33406
93870
53792
10053
76452
95042
34546
98353
84939
33992
37698
24893
5564
81425
3494
92076
24808
63968
53170
15573
67979
61922
80611
90732
23764
71715
78064
96253
34298
94818
94361
68810
44784
58791
62899
50105
72016
