1239
695469470997
844054772262
427202492338
931579670008
399405179398
915170704273
388238280086
830709259017
812175722095
497775185123
691529276920
753687919758
252418394872
719559196555
96828750589
680975582045
521411931299
573015849391
529184592925
787136190929
703378103611
605189172085
955373091777
420896643539
875885752140
594878715732
329407167339
244899750836
559084643201
711267878202
533751681774
70034460570
939134341870
501476245596
81205234879
996869971656
726345634974
522351764961
534565635994
434168536317
689607153590
879308492539
381083646723
454104125004
30340688582
122881108396
229089637857
719656534751
682534501283
541362893419
627411017642
232952473158
707791876080
658958778699
337858966861
89858261562
80646307679
334588237364
451222221084
40614281199
327053819993
442187422036
194788675586
890577773293
135680154968
40387625791
222122354312
875769452925
494181573705
169985198624
417538487820
92458031787
197807770111
638716482510
7426754889
414838987084
160706091424
441383299475
498298830468
513071839567
358043657655
885018659122
453583145099
701972315529
674318497917
332226331657
653387009141
685716011222
4302247530
735166165828
106527561075
244952422289
297884362881
141009383758
335896126486
684885217111
197259793141
387408119648
570083302304
941981859770
247081447263
448834891582
753189807239
654792564265
625493975189
977675293228
18913600537
815265377990
767629295638
772992781075
757665020828
775196652498
52976209699
776417431858
589878045607
317622972385
372340897536
377094435552
484185658677
389915385615
447504821942
749773751174
970230401200
920807114391
9470107635
180933161979
363338712920
148512964003
490286431336
389495584126
16368636834
267215949225
741874435105
687898767300
414672109458
213330913773
345143800980
997399217089
10472048093
922303424138
882965144504
353776842479
837610333014
368251857809
164810387466
948148829862
97815108192
283725735104
23974419294
708960894073
732475374790
647397704912
943433606415
518574216331
949849307150
618840206577
515086614190
798634827985
399217000775
441566383682
434507037908
36805321702
166198338569
172880902092
188252664051
14044968743
302503782702
567500047992
805550100462
555022725704
483604817568
577948748609
310329581312
709325194836
410063546853
939644885666
260056054615
245465184016
915684130154
465469352970
593497147878
605781282940
320663330853
691984745351
461731087847
683276755840
169756724850
262726867446
80969438292
710112799700
948681002380
722013966067
168963422109
520483244861
952087971307
225300138173
399940462678
910546363597
639257320847
478464344076
390720418469
271050826402
552711130958
227405609330
829474079503
716335419735
528291498051
901576624149
646283515736
157437464754
918205240715
321655933103
193231241250
893743415666
408885519300
454902316968
466987625291
138283968778
186854907002
903668165305
220720396010
682701471321
399843512399
276544257262
565076952428
368215355087
592057112851
998555778613
77817144376
20758163604
606810961994
782381733164
861383990311
563822330315
94359400292
471524367203
906422232827
959903600805
585520471772
416056017808
865570256883
24198665352
572515616560
834143569148
440001823859
537233214776
695180497661
61162889984
855020218033
197794556001
893341018974
33859187472
827258576081
368419189278
227910532590
800507427833
220503071649
910401772951
105361265426
761049390496
399891186200
73741774937
480813022479
716613153506
277823728547
237190419221
452256227348
446104782328
521838489787
738218108759
841912261218
113442341592
104063186905
910658388597
762050178001
602227554701
551362050693
729222563778
790434429163
101701286736
652377186918
139151322574
360067651391
964486128159
227303919562
733821804868
520099436531
400478864750
618909077718
279736856726
523286242790
800221469827
697496348921
444686983518
608201853899
128759877428
876814657439
586329986867
90707790717
996078968494
402600640710
480111616584
436799176666
119770692373
751107808717
710990512581
976209423947
491263215453
341767345447
595713480806
664651981034
299714423107
997507621990
616422502327
49840043103
262154744166
452068099385
685905316830
518246317274
403587684858
740842317384
718735556682
269793083283
595520718610
433496102265
855463557830
764061923646
900369672829
154093890780
138678693474
793636821233
88738285567
350928547648
253841184449
559963038013
944586881973
53077440374
649498235777
316795558842
445740464659
926563018464
763636386786
686663089179
798956930083
849755463346
676258096505
784512761601
107816558500
485992494036
29989418288
543470448958
626661386834
353878656384
821703678284
937297822360
592234041462
475880368631
902076035968
877289450630
362608945540
143639932629
852318247868
57416194935
382646650965
791995168956
901561847764
39733943050
650249035045
412715060980
56581652762
411542833344
197428422120
995795683185
565001233060
674698862920
375829134649
554392444479
222010452607
937801899814
583032044495
985118230376
409537315365
851031170044
712640362520
235161205266
177249842849
744676504305
228010247371
533825961862
645830294605
671062649013
1461376220
695962551676
648133991452
829412098125
476687388568
653888823225
270882825229
179020364681
441594940341
512863172122
909030451873
545044853107
554957845031
340760197043
543954997738
773441310351
424212067068
93581904100
129642620132
293202735620
790663800627
698704977695
238896456463
640901499283
939259724715
156239855673
935319975755
20024334124
16152102148
230641933045
33877234794
737309591378
24554347406
400927079815
700335495201
502036102262
57277413830
89920775145
834009692661
82168107668
637040454332
971042243250
630644299284
294108225995
632708338810
923685672120
941869881622
792836020164
844396009623
830240067864
688474709219
103759892912
99125748178
478922693827
356019564308
443105807072
76204096530
887251909623
441127099632
984001936167
837306582292
363412714647
96723297458
597279527380
449196656100
689834270075
829657263808
177230681232
14113402011
745360622252
477558489815
996723443583
447530363371
202705497784
118610957048
136718994115
167018105068
337581350050
45809028357
905114413685
448076702001
559943159497
830539192549
540985243339
693545871745
903308286346
132301609828
834023267020
655388063264
19635353287
59230787716
854470289301
575773408715
394023537906
148123776851
799402285628
40936786176
443900653005
426811203744
164187642496
629861160323
895029389640
519313628649
561224416157
261332954658
371324185725
602450942779
166250431623
811842926437
935453961366
532503532344
596998408368
607160838309
946154996756
345016875477
938477838090
478918862551
231916533395
562917160271
7028833092
828372413930
253114607776
31207872091
109772618686
595500618826
146326635494
950932866396
430822895188
917376916364
532084343994
878919439314
726744828082
806281548097
726982091739
539641394930
307596778298
402353236424
845370468069
292339070879
329830016831
232127582579
731810799320
806077490498
691939778260
745454294291
180539919971
952172536667
849028894264
765660287407
542602801495
189609134709
670808577192
278634764835
24172455176
185063024820
957832529451
218715361775
780842727553
192542195332
99410710043
65180575051
68498432376
267801659218
695823919748
324180450436
142877967358
655872365959
994032382236
989291622209
539198034853
822471104644
559672695093
232032328716
883450086631
773157528573
866668476963
288562482489
515926303450
522552859221
15920431086
700814444834
479906388656
871899717105
307475964250
801458672460
900936351476
16075319667
46034707699
389477590468
672382654642
323480474835
79722062103
201149954294
340548492703
463597986185
828356309203
363900518435
82641696436
490253729239
560074974445
414391035535
626637844439
291844685767
843990144233
567855011202
984086097374
959581719800
691263146005
865222705399
247654763103
187920422973
122319257576
993919340117
407893299001
173642518861
293206259321
922619813963
947303384538
142124720752
391893303688
234798521500
394228424340
312712855102
798445343133
480743646272
763581645564
674914101537
638566884103
506905752122
662880608689
514355579171
63478210136
140334442938
193156988122
91420009642
858426730559
648002037632
482421798869
13946277000
312282761994
537831152060
882316387263
590630922614
997421488941
691218127252
118032434607
762182099579
320466024388
492592337836
938759153910
966875335970
177800220484
76835288291
209739847377
620179638126
216353606497
422949182912
75964090346
125929463808
885329622929
360105005449
326794105618
877075767051
951508163071
210660757264
902555459850
135874549381
661171402303
827913042047
120953069989
321998039725
853922493027
526091974459
707457543697
806856508568
133580926504
376108603096
432534015704
643305684981
405805250084
145563670288
490454931691
389455699805
28549763720
416128535868
397784842205
194787765138
845812738731
799458902749
488253932927
990188978600
561780328294
814155594255
889414234414
23982210696
150627183003
647872292266
201971358584
899180417677
56881788018
770401601406
287239274523
549428166769
324988870797
646271399071
854666001052
239601676567
487430239255
904688504930
950660316788
492604136241
41347020270
268396099411
843629626107
790406312861
421970652872
778464312878
95281019
961395212520
947189175544
595735062850
518827318676
953078723671
175438340231
512664250001
296003601107
197106091917
258656608487
649395957226
500370369768
306019536993
552613746621
166053668496
595184691686
135649134275
313051998879
771604290234
597836744762
799441635879
487143699304
255792478563
983588732641
946269616406
236923062967
109066607709
277581044455
686395968803
967178248432
629271756297
1345166002
763193543590
686619622466
174177464604
285319964801
20474419185
974659521399
780052704773
717097766214
519952998270
402053176639
891080790212
607906770312
991977698651
260151659320
75576688869
418649105622
464597332003
569004929161
794808080137
965328462671
301757956498
839762972099
553399411560
873551993590
764168365598
520613869615
57538898715
314825378683
506179135376
717843719860
726867676313
261763765581
636477721138
304645076026
841792377471
166155364470
973262481961
423200825435
604806327194
68054299121
594670535110
805107358204
478405340620
387978150201
864998700476
927389708112
409996113675
732893360208
356119351539
90105688441
972315143260
475331188138
901323814071
729592895177
177847279932
337105814918
440728845162
154787430225
960318885514
627339931292
993889409679
128863803419
220012396187
379940523409
320306942876
956199888433
886496038344
118152977555
245666862417
321565304039
798186165323
169673378972
984569885482
169491191804
495617153884
72858731901
138204551505
181695078237
900090110758
65652378924
885435333802
887484217095
574322424324
344405735499
411233673891
871833746875
7910316748
522792954046
548542688790
158877777535
512564068883
78289463786
308710038253
866461010608
208132468810
223642190067
484749674982
980376834635
863568602587
161696203214
362356658164
971223074792
673689506094
498905332463
423826935056
156439638794
665836396758
127708927319
21469404445
78410877652
868243527759
525911334538
890058079230
893073503574
164250953625
738679665423
737564134140
875728257028
56451240305
390507684523
483452885682
941271734782
626649910501
462908981336
910064648246
940933469169
654315653968
418655567454
67595635245
347276276166
111661880953
438795026681
250389667023
28245250283
28102532406
701919657408
848761084300
530623828598
791441364572
166950359780
327382956047
251842525366
829787324278
887721638423
75446411014
736612556621
944945789475
493845963490
220564165264
820074118464
128538413788
757117534713
962308817039
402294598282
705550486255
156390626360
177812401820
330104471285
424292383324
802024457783
177306962464
241369349069
867450389676
654149459032
754209739401
136555341299
772227606074
924388302355
336125089424
660967711524
178285053335
966076517720
366443337627
55292394724
118886824883
722816131773
616184040431
141970811587
504138405469
47476402310
797495381992
160301540714
34778809933
499269802548
990345320015
576650972752
831439681480
404444579905
825993272058
190279262819
505215691528
587188321900
718592618007
695596198650
930886236560
813159214807
518563923961
344607919473
164630714783
280111873939
408555657202
47221764293
316217124915
340334992683
997428899119
418956333330
395259566442
891410521455
547594127414
25614629823
579977722736
182758561775
419029800170
430905750107
632107108458
117535837657
582671894
437828453856
288736707348
794324390201
296500901359
739970465030
346404905870
721942563622
823477742679
766194451770
968221855582
273078891388
654054045933
428836704292
394416405716
304092676880
191897895309
492061509977
312148503185
618189452424
648644841264
963551657266
276305124022
927354621077
126743107866
50233046194
96868216003
486375125380
60375580351
542967131735
965268662652
706176938759
967392282858
221415539430
52412292825
49342105027
144798668173
961000011848
434707341930
690665271261
10608033037
471540903871
688729081015
674680360385
21681342
190313116347
957505369261
544060965981
793748851889
50373535467
497076528493
916744519407
268347727542
123871757524
689170294414
717125554782
458858349903
955092307071
492483200964
76588663234
80489981384
609946659321
304661215335
825267586373
763680307733
865586556568
619452704481
75310878753
829809156642
230359242952
174841243129
311515852957
569876087093
398479889174
121109980981
105355416721
672211432206
868887180674
806128225018
857171979159
215209963120
373835339830
781303136324
645906735067
784973506965
333251018511
566185781587
874478879324
160835654081
799583328078
603571691050
252298426071
43686833293
896076971223
3968003811
452462386781
608347854408
886363037385
992961474745
671596983943
419762050362
284293650919
208988297511
145100337505
407001148827
302869517019
831697499824
96475367425
507838498410
169716751258
834389200444
379592615836
60228445097
279898657675
527772730923
882321840110
314700252192
111957649396
761437606496
744821450285
2470036510
247928308958
270405968729
947161337637
24820892153
711210803855
962059671227
666156403082
715718133859
798778363466
47941899583
166530027567
904905899306
379909093523
492108105113
35138342319
538287074603
90889631667
66938455756
787882810814
822303585970
460652362773
557106851686
35316622884
959045751228
751460149056
355490156163
39699034151
764292829191
691003026333
125356720450
147388160867
252910665649
727165451327
519649669036
192476347878
709434901821
92012584399
803609617889
342467787377
602883866949
617477506174
841749164072
918038205950
504948976266
523650857631
970365897078
650970879559
406575255465
264463275582
572839770675
942309475902
757920129894
306961163442
259344332800
811072395220
272288303825
120441470310
58953321592
860861913197
960931126598
656161254382
402776630398
59627481889
223290328513
97662798678
789442414782
427853664118
653753455467
763711066653
688971556768
55261272577
991727579203
643234698717
830041541047
878307611423
281767717663
494456505279
956288430028
707027287508
11800549273
379103895353
369220823406
222619310452
422042184811
509927032329
615554131263
715547738053
686550105232
625909253626
424138691104
740825274964
4693197718
622536018356
402971270987
970596203450
161516159680
627925106471
603483170479
761765470478
39316210009
9173702575
249190584071
444635067079
651702940480
5619581138
533794488873
278210285963
522253346192
398369272576
178048546990
648355390366
17362191394
991724156481
877400882148
783455587354
206471784163
501479717041
974207540518
14144943063
380090261141
403143046646
584012409350
62429251391
754711477770
912605678190
546362841677
297272810802
4266311346
394820465603
347327407338
744063505218
787865895359
511736210818
596990750713
468221401546
622941216336
523123231542
761459770895
404633134748
147890956991
732285178744
795727796022
999636250974
455568234010
743447917524
693277059170
100162817882
567526292872
272856724581
381288918644
54619230396
70193012023
379127764562
455209568604
817604184512
819501716848
491530477140
355405366639
142125814781
843726454687
266972421391
