2735
286178793581
327722139913
316841520213
255407368443
248845675646
340830721613
488126813629
738292560374
985577745157
509610946929
823488345597
357978687330
35545375203
799553023626
864162145247
166623084435
904331127991
350658629227
228923224740
278826385457
204333931813
827100928383
293813077617
39568696365
498604312005
224649508571
377645656503
751715548094
752014182999
806345321110
11410549368
747947648690
676520110735
155340372558
194853422100
417930676396
356407011913
988137024324
221000241687
332895826558
718761946700
138139199849
68778224276
708661876707
430286091909
102630178622
302885892952
176268272278
996811571147
380858950416
369140439247
594310116640
385923964512
303751579823
687316672868
952664344560
422736821380
88035534826
537020067870
250231545545
728926406672
538905435454
698688701383
28634627762
821742661974
432308258704
987541668083
440332583851
150701537990
491320313407
900806124503
580300388009
845481662578
815578593515
521599448611
583809271194
241165125360
513847111810
413873035859
859814799946
928528638575
35749142814
314115392590
704666576386
366915843367
501456866568
507415022774
154148266018
429838305868
830955260381
457470721189
568542632680
843459802569
482929223760
763934702735
830297361575
613251058860
886927481132
770177800026
482398359817
786412854494
938942138810
812320694770
89449676087
649526479276
659799325227
378515505451
135235511358
690047847671
486871773892
796799117195
38333852391
663971817363
289131688447
869170735321
484190949958
943259994280
825793771833
306607320621
27181707891
463149059155
801165159621
885199829687
456067457227
605494186383
942340056248
674678345668
566017226898
82282890969
576395135724
830523799068
128371237377
744000429657
196752949891
386144934590
652698613930
71126191183
850542680905
137871672726
956486630695
211309484279
474557639455
492740921444
592460203886
923062455856
871010189772
656985639482
292776131629
30139888411
528914761936
156224751632
346356658395
779723510833
542390909245
50812164636
112060932438
130390888743
651086329502
608273547987
897139723329
910293889119
720497995306
740917564775
756364190140
634344353676
512677706759
877891534428
990334350206
824366858986
878132588548
227876498426
874392300434
596328576999
671679702533
424423119531
971334303495
93885472383
91446463757
768468729025
884436451198
559065447687
462139711763
856565187154
577381937040
198789882908
120039279548
64257476016
109356543325
552022869262
209964436044
448991608143
604955701045
183309437568
49186615296
45633468825
858610632020
76730789045
547534619752
105051144730
448040471265
345779257525
422411256126
249472798833
190150916236
745456829116
556189680581
765400639644
130840560298
198441305784
304940537691
225248515723
249520395492
639108457358
78954163809
409290973586
79208337390
626202146821
671581235710
160141662959
661087244594
612519422567
393302150542
920450033080
597844697555
999362768767
438117805153
422140657388
835784426806
815449849307
527578704873
718663973079
875998174120
141265905515
362040374391
292599008405
214974636283
675159681738
139966170356
418914544807
790007586482
863914379637
518786746359
210289350458
716425354826
948551322894
483394412380
254126222700
643516803417
108276212898
383005692684
337624447825
531742771516
762834851343
840034792014
637077254856
203247933638
864712069067
684656889315
261262217167
212341045639
742750279413
964266236057
341830206722
962390105145
321018294433
305715476079
223551379011
144412954417
427927932098
962619249541
152103931552
518139554782
155639546137
836081978978
377039778149
614764791568
68757734844
594623474623
307446995802
970416176977
33070705269
840842858835
294635205505
152573738051
106495813301
607461829244
73698531157
435199375487
884618442319
787699669816
768994977150
849095580406
933596194513
830190273734
541897241709
554814526119
128764504990
175796307714
903413192253
806000498107
570125570383
964831442959
485482836135
480789296097
194883954129
398675580792
346312622594
251992805290
365499815655
125197166181
261314167329
858943961956
759638421455
585555129207
37960256065
819961318639
574832622544
867507725273
818166628796
329017747095
781414491540
318932627594
751219305458
446800461741
336306618260
63657129193
297273205170
265593997389
873194535319
474876433585
445182677553
439048296249
992814616952
370865761316
705799436385
385964486857
550251452514
489999614461
510553214372
234450383326
312057833370
285870176259
162719314350
587613891065
501960613121
759892026893
906716424219
641518869449
499362347597
693256244579
561736110742
312326529081
453347119039
418042497691
530934932558
952706204514
134783631194
338360911389
424219786181
274218554276
696065518713
144918498930
876493928215
79138631025
285713885184
288759976278
197344169738
829309016229
873225733386
194161222231
439267489187
920531434199
72316363816
756334024762
352595302622
332517454443
30905925320
801507325530
467180016337
468431926164
624732908991
768689239784
282354648052
744267737637
660190054589
368718526478
308485176445
983746734982
180102376374
411555340570
536979132758
256937609766
266951356437
241950103705
968197098375
67475375176
68135624506
238371230120
922769584519
95972394565
159189660973
353460095462
837256056454
899427326393
99385433304
705262715045
466827590766
94256408708
886290633248
957003305675
382553445915
284159528783
97818820010
87954326417
809295460993
70479507794
983126334469
225085024349
167383234919
643555881914
4301943603
853103362689
480321273764
977307519164
875765853247
149639878866
148031349055
494333511490
991287109360
458679121568
850475119708
820470856026
79406635178
485608425217
889789908524
891075974939
680559841097
47568736803
629384702909
753472160777
949240238885
759523604895
868429592638
471976855492
443918585473
618020013143
407696311158
543729339260
525162205123
15345584109
749765377756
208802461165
71117013175
16474124847
967477997433
995125256514
550889540182
679673589415
556599854147
684300005895
902403566457
260618439672
496236824055
165507650360
985320829647
910260745359
6388676311
165592242953
633836715962
702942780899
288701868485
459861851982
474909305355
589163747256
978765627780
470473678999
121999530411
44320462411
76016344409
121872540402
588524984852
310050385634
455637534977
104210827322
11303119173
875042957259
913166560237
90640186411
433146673458
668065012389
183885523208
83638123180
46671894525
721084390480
462635913403
624470030407
174939134605
678277881162
662912881654
311570255963
21061402982
494420860757
379332283178
127965286848
675650550487
579863832931
472346672607
59945267299
771170868996
162797693122
688588701120
833066035850
195530380163
962851848771
842108017120
28674559361
382041523243
81547167821
966837030596
549145291504
254473895981
840026543040
992207570038
45685254911
481013671222
94448008628
285567720477
588960014949
603072771769
192678574225
282102681070
483407852796
244464621711
887203604260
318237665596
927002316431
950727711546
297227715488
218099572202
571054026996
18346961733
311326146512
941082389244
655530668346
622411172583
982592686446
70337594244
307023174155
154630133687
446063285861
743592334169
786219758829
390012750026
654310237207
682629474203
388917813914
881807804499
309616841358
614090318428
512901824243
176591614498
998446577387
475729842978
966229616492
689500905394
942884780615
433140867663
226068259885
984266024166
98924308747
501015766872
575771039005
792486578377
903575587126
50180739924
38129565149
624208475128
534803799319
103146687053
914189557813
347581399393
375523263333
56537929175
41761385041
339719300346
762771467105
115160169154
119907864692
146228445544
166628046744
516216727094
36422681101
435068150798
122893804849
424488813652
77412920561
573719925163
249443740101
571398394359
210887885816
424411002007
40285488792
896248434250
457473763053
623870029909
860217136391
19541617871
304286826282
363449382788
777515993379
72463840168
241479934474
799428431393
121409923684
148064301357
19598844265
991409988534
696440618451
270187071636
158083553427
472123357742
178279714178
286351400982
783195279006
38617453734
363902828673
72392460728
123757030299
129345660977
373784024727
834148069903
198740069521
30220652245
490676659014
143793567554
201986219585
299630774499
321339748822
227375075778
903893073461
308434868158
49268642178
565049875933
98181486624
954726533452
417879834226
690813066991
551258231962
142597237378
91012645399
997225618926
388976147923
812538712173
214542464142
602436295048
444697389409
163134740014
353278597297
556203560758
66546693437
73615341755
854135350154
163745096221
467066022273
443041422636
554530541528
620739942921
936180403510
712252095023
296745349682
997689738654
699438503568
240770519466
683919600015
898161933819
526202353405
253742334622
273133064179
819092732677
258845281996
402903324243
140102681165
168199978715
578108508870
827976619151
464514180150
389621149264
771989268119
177067149207
103311832311
801547195946
883635996560
987554842374
333952338908
988150858616
929418884918
424133512650
178135933106
143956981692
192211156366
354087735774
437401637437
322497688417
342328327852
566662474237
625456370896
105409829965
500942244104
13238049866
627543135263
542563266879
602680544027
474030230978
104250885370
630383525178
132865980143
135639504092
921823621416
215142187412
855991514268
511013465370
398361931267
753581884379
850807477049
619752797419
145933109001
215519235589
954035399070
222915493671
901120233996
339098341437
885904060617
538221142741
712898624075
123141286335
38734423493
582971620222
801235274556
941930334146
490151339858
848706059244
696126336128
21254128064
682680775847
254259178371
556860003107
169165481417
141782119874
280592212892
748999616173
782950938520
638493438505
191221789104
687772271565
929373990134
466375078768
330040410895
914297381397
110407587249
880031700643
435506318684
415795438017
351338723812
291332403879
711094181547
368444021997
179030902222
893747691171
886189846454
99119103704
15627217456
603650857238
834043661722
817365826930
187313568003
803309575304
492118565223
148400999777
899879400638
338565827215
536238750480
976244051538
322633259370
758127073732
663316681590
388100824802
333397378919
127662464967
980742135339
595235417579
976965394654
844170235383
561293859877
636739598127
203972731759
430539400966
940243887854
94712690680
882324799875
25690090896
716308688067
789367751808
497748486840
718858370430
49069128814
903569483052
925376766555
145169731917
954710728862
488015793335
598812875030
404431318084
50602014481
460998459486
333351248642
831156593434
393916857801
6461556914
794250815785
984280813493
269825731728
678174265697
576648113675
523123413734
567416071374
824469656052
306862728487
241931895627
525377068493
936356231749
2409806318
529908129636
282825713690
810862674354
93958774125
640125538433
900348593697
205637588180
360407305203
655128676801
549480096341
871875334915
986589046994
246111869806
788600619713
373656833077
606072783145
163026868767
857539980583
493093042649
712368705481
923597968004
217758448395
463987675140
279421100178
430715736625
160553203244
813496419525
731029849279
282236096571
407425602326
584155195571
743149249819
517852070539
750220028095
495068588849
57006187998
439572480760
81301128939
976494620200
130560142113
22100027148
380467917156
636952363485
739069300859
606276349273
409887957899
971492414113
295588760124
647899113941
807133841370
445894311189
217277410204
593322472300
304911239376
400402926455
241997632460
569362203051
30215721778
967337591566
73133437223
221967760196
689846762850
453386561963
701015661157
11223525327
945167577607
9297245511
246799240989
889279006475
346337479881
736951845478
2894913236
155944030671
682404383858
243426308950
925754831809
171283714135
212071763871
51915275644
86995982159
157587145353
167168092540
362262708624
204049309910
532279055971
395315290159
951804820201
214241039233
413194832368
236101758440
780176181964
830363607227
812827101709
372087798430
832075924659
538941892773
49573053812
883959911119
259140408244
313011679324
618582375791
888995032500
287217808831
384530354600
94037264096
510134528301
543361158580
556143547102
516305921740
320609334952
817118777840
16578204441
189230957863
448216599097
24587627892
821263238799
744727925114
304424570189
676490508757
366620681096
824070774307
512558694566
121012347152
582879911915
168448576339
85874943099
493540269919
893433200099
253552205351
113851800810
666837375703
364129828385
613151767139
111192186320
652428292943
719489548029
634794132428
943563957455
771933013404
842710625110
602012238802
687560004343
112749906251
949654943486
910367829158
800940768093
68920846192
691259987297
503743409593
799527691560
769407513000
977376293135
368459314953
589655539484
733837794734
379504436602
571522669966
538718019519
638220426861
66377981873
960693578918
231298426364
701005085214
396889791674
711715193985
290080877811
331816078372
176974021028
623727248961
805296229158
132947126582
305928672725
304656908760
61849320574
392928334332
31785186382
73667550272
638489313532
158174240112
259413273075
593192794841
727792821146
607323649232
390192979149
126805878075
650117622514
315379557182
238168388300
109330692691
94059877052
560987484309
609307155886
542563435794
787541582451
108826113683
444811461007
872734427882
225054813161
281063412747
784893085347
680992254783
6565018438
963053243466
472504316325
472276084994
339374996853
996165780198
355742250351
457889924129
762261765471
402846984128
953430783178
103971909616
268760403497
507881045678
854191709502
286295084321
115494593495
514638769374
908440665225
348816007465
368725035348
714912472596
616343725466
171214158344
941831757059
185752369366
673439488931
20065561396
29839078693
747049862657
524325821569
106423983493
877949491789
152712331843
442183190011
99770832250
682355508840
914522763971
330983719236
88611701722
44466437879
82546420925
952621199623
301241151196
151294279432
110548854878
605825546684
848788501584
362430432726
61689419944
62981696678
801339807613
592107445303
828526522995
541038511267
675762386237
851381476583
42783580477
61777052496
735280496971
983383580532
105077701989
786168931428
467153908905
384967002731
298246415294
22530925178
806085998586
575120520762
735220005708
149963817558
468730068082
22000206765
860399172524
800264007236
850193452968
22129887383
25683492219
257830931610
203479130154
346319326145
630485968604
209629433866
455521274608
329071108862
224736741286
971564642746
859333713307
595087112608
633229207923
915666413387
988562352047
336733127802
581583012629
406316210742
560032855384
546329741714
143772414026
445627733024
39633792927
911300850150
364753804917
752667403197
826625582543
741388583786
250447035992
989534308935
575864794675
892493100782
411775859896
242299663611
160981588767
332674471369
490378126702
317625842042
807786764915
550494364216
795226092305
148113427255
814754600593
366583524964
963019774873
161021437966
454209496615
820989797275
462479017743
382643584749
175123931438
329130813428
411067511047
552394658037
450811284404
901836793014
345832295782
383053544947
480437834651
675034042158
226265192476
314386762365
216511462692
256545469153
933833421838
913367326399
766059530728
288811014478
972882107181
427654086020
614131978369
46791675265
864888591205
680427558712
27702719707
707635860674
750418743185
342815441014
555573103515
573815037312
528913380115
198108186000
273605409861
615657347377
203041266006
920107640699
192076855220
628709561766
490658469884
443109319393
206396818001
231802650013
74248255280
323939434055
747999788423
331387389817
550978648612
529468734630
499954691002
298515314487
712844602758
791078345709
201134099760
54007846621
993494040962
678550564262
322383055074
10039728502
211536237690
981890408644
167573261692
894378236371
864927612244
169731507532
587229097956
380099565556
791885493906
757586571451
566178418403
672921040744
289153810947
797669179927
597159702523
67741553973
960467878294
792757975719
178441427843
278022665725
582459502259
398813951870
391792188417
103559308482
541016599651
645459617576
283572059700
929517460738
544834341997
135212527274
977104656182
854012924096
337109352283
30357312134
754001586531
812311302146
101399164857
281181636034
614269000625
692013196145
247994080276
560314613627
487386377076
338457658004
565411875795
985945431629
906798633388
622239464051
171892300155
353630301674
595371270678
428011241424
93588136961
962590003943
571203794674
148357313292
906334459620
723648845520
872925455072
361849245167
65718220999
834829901832
741401643844
198557229569
855864481684
382000284416
203316179149
872624119589
709746200626
247990581274
463136312390
641587346988
116482969314
803935192005
184672044403
231391149468
987962507952
699620546924
627202283949
543542365258
154857247256
375680437394
150031695570
65668728484
935051462548
246221586272
434922251102
492581236370
393408040068
567182857660
190102341580
132215791034
78282347673
15991393524
689646471303
551313100527
369801140028
315757654996
668178307343
118674854839
937011197666
780381123581
276145481759
592927279113
65325428752
396021014887
652651933667
418124395514
796693799228
288620265625
264245359209
19774612875
106891833606
384505395149
1830188432
556688762601
69443823856
99012549893
433611894005
968378769749
492787645211
159319731096
424161405182
526648075216
157372574384
193299949695
501979202774
865690503814
996927098423
55238341600
880220199266
574020903891
129508067092
545456957890
422705225780
502759699723
390529796166
101110759341
670231120701
421206267501
600017220180
459969100448
139639219638
273992619670
169077472519
400287713046
364412597550
852749313691
239667499997
987509240330
34183811913
234995820091
381314758888
553388535706
781471011620
339103908250
936598762580
387022659381
510832422480
218307438682
142521920207
485115204820
578287740681
880113433726
902474087327
89873357061
220375728742
979866628634
325878326655
965560623692
149821720841
901537508642
162107047141
100757272104
429952339716
48019330498
908692764941
501921128805
593772877458
745414678753
884938349640
39031211856
902043225651
625873214073
294505855119
666308076342
982087987459
354569764912
82109974010
510835858
151870689590
595676975443
622138373380
922946214198
387022265423
656378598401
79785149685
301342915502
156159231501
926092192578
178459631961
583649569652
838549142344
736418511730
775484859432
521883039217
672587662358
241328982467
319952441690
903993683874
968027705255
181925002346
147476884943
877562033116
397355587376
467421598866
141572484050
794349614924
754302211091
601614729026
893438002690
476146155593
349541138508
924365773742
404137446814
564701714425
829692282980
26452480208
156259846253
576119064523
809115568262
254992848831
256700765683
448395244842
680258477033
932113496230
225071587706
476654959882
653203497273
581359137341
180537350807
958984191526
15560090420
46418179201
93052370236
161566690144
851617080787
554889049337
425828557595
510894534081
635786510929
245888188759
208864715704
593716854121
320249165993
848142154478
376913083013
418572276349
6392170475
334661642018
563327754219
201938447737
517243133682
565094323604
395943853359
614699866269
920633151894
10688190043
241003199503
392420895943
26252536865
539660845398
896487801052
748207210268
7770502667
578639747739
380041919351
84051925099
164214774881
764901217218
673515828072
55281157967
466884764711
514423398979
410935090484
328226787337
470892404054
925668844378
603522461604
582042058489
569115996564
241832439380
458676360647
700974641261
482364554558
234765978405
271549096569
258811147474
908616637792
86869355356
438830625809
740755020256
169022401041
937708780555
626017217061
827829524517
289938475168
115565729822
789785049400
442723413351
143130741443
215446586595
951865246563
339699280757
377423881775
924038782716
849269773620
452118415197
9596230587
187733490545
950723395007
16932094901
52187138773
899531378786
333627900606
384897932764
388127291331
605702371666
425955776848
457331745157
211007275721
20848581822
337807877661
730127662480
806768002563
584476412127
339906830063
921824072631
330796533489
240666913896
482180070609
62966342555
360597266462
356912144953
375256205723
518730212621
829248009483
654685204932
436634612443
183033472254
631108429790
281502760236
962382862532
654222430311
208238594334
490878936880
375946792707
656862216725
140979009224
667406088462
99329836004
404686309257
833492799390
947457716506
348535701962
285006781421
237000855273
278147152159
778685737605
526810354561
34860242193
155441958630
903495882626
939429886471
449633594230
943160091519
542188436118
378975303780
661353382576
551058623844
774522216839
275725182987
119942251658
613604546490
715460343196
346183715936
214832618540
407049263385
228740014045
711666353234
620914707534
220723707039
771651647637
564087439406
945128484038
36202279663
559603686280
729722153765
357944053331
427269617247
632001389149
425127136765
906684059875
916133788861
533874383176
507140578711
281156216381
571228973118
938631149417
135409313698
916964527037
585863343206
427312296693
473332064200
644692293175
316816606767
879907920830
649455102323
950326963861
773653972524
876916289953
200519973720
385438834539
60051076007
270204998420
125388890918
178328222449
489989854307
77499974266
180631136292
634656620641
362401328925
217855187622
549373167235
797775640066
982556574579
196002163077
75720952615
889190327690
330091774207
246792773395
644228808478
625698137770
12325098753
861928552913
686287503975
502634346043
181782060024
303035341800
471425124835
612095527864
595960102642
782527319138
402355231515
878866474929
713149743706
439402452146
738591552271
677759803720
883187126817
766035220696
544675873113
281506397160
192310594347
921666337581
344359594438
451846660614
243905708042
332947356627
743142149167
432442641823
249925099405
478625289846
557560089225
436929718717
424986733164
841247987124
214755098950
132366936138
904005697822
271200922631
316673684276
688256692478
299467952555
207345785715
126387477574
706512147950
522960763830
465139937492
676335933431
425270983451
259455400516
455619717369
655944876937
355131274560
234620816184
355616161209
680067871099
697411095338
71677101649
739152628396
237301736572
176519732086
529911719220
589053772237
597312872077
82138915508
787415825609
508157692148
578455860995
781704858956
69426242142
818149963777
833261810353
493745170156
579691132704
8055728854
581514399319
309809613828
35128822918
890368167636
10831275457
819855294653
455671988705
984826476802
889496307617
782063127449
744741337590
290206698811
947207646902
899211583981
853219101823
139272375969
924582416061
606310503092
217115040189
168465819514
434101582596
484558979299
924874980358
801455328015
394924666758
555065182380
88107934958
901923887269
806573508496
644235656249
582497951477
841055959604
358482631108
140244722917
332979267393
90300895691
589994776971
894258570952
690301290625
665998708749
889602471715
227555363581
427591536446
795641562763
186707521804
986364126427
159629472819
201257428388
625132267420
620964846745
589765183588
797531007972
62881111144
302093837345
502336358931
950173421263
965524331698
955553963090
229199034490
622480033254
384472372199
706043630758
577778437654
377948056597
674968893690
979669546035
11706655606
574020694686
389024413188
547983611209
98615199129
999141190500
367437250436
233911601094
346247173270
264395003200
623234329932
647843051961
974957921128
357214675856
266801426131
584489597223
553242837475
729856159629
563207739097
921820762977
583637122980
927097808804
984313082810
159378192960
180402218500
129769692807
3990044744
205738150382
144294289488
211468145685
490506075688
820696801531
339532869190
748576324300
730985374962
376849605943
792010334955
118958232235
657894243770
892214849606
749948569986
857754250042
110095502234
140323021521
428812541901
654909384242
650280015239
35334146278
202743789157
869068769144
571287993692
144647058980
464912600676
7287985628
923863109507
15505635644
811625787537
907836080218
696193942986
227062150686
549783699254
937487598061
942233567062
695147431795
911621653954
357074498143
304571011144
616737896145
262135580606
984969438435
216448795440
968810319456
160300001786
632373871601
761370194439
193286606446
452108316369
760571034095
270521969254
734514987596
626515089189
941590783617
644967829347
178929346751
120657536208
545517771864
584763094332
96665794597
200771488558
506265201550
133331323797
235105033224
337799064452
168551288780
157575186437
216546021158
890630263143
910256905690
623891907234
308220739208
142324412805
714608021093
554545903875
879893911616
82876486808
669739790466
923147718130
665672309956
109366833741
677617167134
543542537233
446173620565
371935973190
772522597341
664884135144
801049673285
131939646693
160242401203
623585184339
402997848357
26569000838
584143977675
853563561585
418006259080
956661195204
375873252414
219768988111
587603644666
514976220491
883288634022
520611788404
343879651768
990981351981
212061377905
248321014207
785997684225
825545204057
32013864716
78588744445
530054973559
631603578055
869080829978
462486192249
438598102860
466210820827
759868306717
506133256646
730258170222
43728932130
3942517825
646745285034
244365691533
555910834624
466274021948
598219189377
769264615173
113141488959
1834594350
354973695653
613043920130
508463158570
680577506911
804957264731
224096673284
365767399815
723649805732
281631308869
613287623541
770125880588
210259529601
298645644267
25812820352
12057956981
101870863701
897032975150
646450171631
249772190562
43769564179
883845967396
959216071770
955136957280
178400852684
549765157157
117841533824
835996470835
411409793525
956965310
728578532456
80150992583
226680594906
716460788248
358442289032
263815662097
958006068928
548186278691
73435593745
348946942511
230729225990
410441609230
597895520639
854602007172
379224683373
733473129813
542265574462
53538730125
245183212236
258012138024
54589253286
418201472827
871983247783
424323251645
46640600493
121336678878
974921464295
535315355061
50988622913
182291370265
271935201910
759666040861
335333966172
866763341813
697174351985
405520798365
775229713162
552932975662
369084184206
564606992771
71751193157
551428718194
833240357349
713243793901
662362245000
795663923483
777316455236
482113719209
664979852297
33830779692
556928342354
22388019301
769124962940
916966547660
489099706253
904140154838
789966477011
752465254830
974588347388
406010203668
681956488161
664581584055
881193410002
37743666424
401334504605
276905603450
621366650443
468598611806
681731030638
24258829248
197763727517
764836163457
455820479209
22096034437
673985672804
726117451305
722320639712
526835616063
403101011482
824530154734
703938286302
107293627376
539076145332
460662930476
214219371521
116168130823
712667749498
51666239227
165650667416
410272622370
726318400217
315811317825
482937974557
695657355522
689201912305
147340414236
522314996310
829510758778
822247996218
897768660908
969132290090
697035034687
679179258029
973249975567
268512216475
43969863193
229311595221
169829568438
336668354645
593847531316
518777876235
471339124121
87331745321
677727547060
76748372034
642779281421
149835185640
122086953423
10370184695
590731699714
648477133293
697056129321
141157235057
804505168406
531981329535
963607986269
42759729441
427385719627
741211500263
907967408045
607843692488
87403871420
567372091689
243953037569
18527880354
687071585691
436464724973
968524859427
237518348856
620895679684
584353025023
25541896214
258059229331
431290870194
292436344222
910424880873
430054755020
191256529439
960470787450
919690784913
383726285749
612589197269
330180286191
799167303888
808171574185
111302506208
510332006103
498064745014
341510118652
853479746696
865684113629
136835407959
819694883503
34233282337
7761584917
470834452837
305273296547
941919265012
996301325589
754065559920
197743125869
356667545562
305168608547
367034175890
239974073346
406241826409
958112100957
919351872699
643755940578
48380486104
64566401449
438465955213
582570041633
872980394045
575826301194
709553454499
986131066965
408822400942
447808702487
367112500249
747525879177
537904497426
19861887781
67917904624
572038981414
497561974995
519415073356
212323515384
309782223708
24313735856
638310071921
565016035767
566879319804
427586611663
590757648025
809026419777
63267457556
163674200560
51477591910
526714988818
949901404826
212505056434
600593554175
344881813805
998024612723
654684079121
241462483887
324618210683
749403504925
206604756051
421343509439
551286604058
324835345718
106790836411
669930114373
286676447989
625748203302
734933446155
950055900050
611282045136
398744849306
620175547569
536350496179
476029542131
267489945832
46010015868
639921615693
192716969512
472877262775
615607350428
844140237714
179524495023
370759051701
745431473141
4210007892
709478888126
294700455141
268378714046
809744919983
285520013733
273200642895
354404418856
402858598820
342988531864
207022374977
78574440760
295991994472
255112844348
586247808654
226840170981
19669512441
650963140545
275863246049
198847673738
790364147129
116139264469
36279356731
539934373146
229228816890
459230734210
416835503395
428772351367
21561615328
777293481998
237686795550
656038620649
289003789194
577323602255
62466633133
623636233267
613799108666
754549919921
406870254795
894545453033
251093281779
851353004097
118787384603
86374729122
318037089967
873465245252
532575736640
945865836777
276320246483
519635539243
471208706271
614101386368
67285400089
809855600395
88919399928
443332390973
635789779282
166644550841
397283960229
499364947144
908026208807
910634499542
313109812097
154597380363
546900303805
172992797788
447213248581
32452436353
577211897442
622998217714
570810149409
674319781674
462649325134
830972383949
845335151972
585266635075
208157265296
535431557972
231158950499
652169058827
951604182568
687676637625
213889512617
194438855431
50780320038
965514987967
699926350968
78296977952
343995654304
462005439654
849593923863
961370565179
560838580888
80173442143
55585942545
933999834958
433350569626
28849617970
159593501939
58119370952
987995504907
751874648100
568959530869
185756212348
844215070620
426386623419
456030683421
145738200533
799393049426
885640872181
609457171202
974524986282
859772214890
472185724005
835891652605
885217608365
981406965751
691779681713
130220904275
755535223378
259358843789
963749395508
126597422717
388119248993
967879606559
329747545961
691929882
515287396770
464461420421
654342664686
262437265304
809824091870
155164820495
672111151837
352824483483
283625892096
741445873213
16177082348
511397623059
525324171331
349381191925
780630054482
378133674919
654884754161
346849314683
935765460909
878594741930
436635333356
895281682238
383069931145
28589361267
248887080616
432240078396
739014368139
433423004624
319898312698
919556082334
972571657694
216580825285
673566638093
36482910982
508470205240
566868857283
935500836909
636032481047
609586316440
961483912902
381040626460
776751570162
137127084743
690051903060
454283875484
360228522877
268200818311
282723583714
592872480664
31965804077
243964058863
126878113085
625734410201
908467344157
187787922728
946266325503
959796619543
947552130123
958950311986
128372456934
675586661914
206528371790
43067760387
33138414739
345098834863
54922054126
241854084907
955604473690
599245318141
844821219956
278462132947
540227974131
793557856419
214526118237
213317305738
603219086348
428770358599
314238785259
373267660514
9468228829
890832005024
931365031585
967672036428
11645417709
165083753755
803490910013
337788054450
931705786573
672958829270
378049106924
207743831404
958914457486
597792324054
145727570505
371282923902
313019410596
494812200011
96110538172
397917679790
241887220554
969250227874
892886609632
44253785855
572620687928
884574999025
632118936188
732639247390
715990690505
740832308750
574123531477
779596154370
38720561703
78238799503
938538162528
88549139947
63288400542
428032635455
401504659193
105846174972
513182033642
826230953645
724374615693
485835558319
362556618253
469323483556
806757670627
922256532519
934966500307
996033422502
595412520245
398130972509
540560081558
494160258241
822159087676
48253660016
664847994077
674255500709
119472283076
837990374345
781302527425
685369301741
100110284495
835226672731
910071246168
229267135355
526350687886
603201270287
523785931634
856982871710
297308409712
264069333926
827363098310
248173951647
82620643421
274074953383
610862468900
883995865180
744309666567
263644097771
748107041754
644226818066
579752647947
275794539379
164362754532
374252312669
994106172705
99912180323
264734005692
453035646075
637611722970
572864905668
765823712028
371160305653
78708537541
114785128053
499350362152
751316305812
246110230394
19586509997
211865796433
237664823131
891072158388
697825053872
682042520144
529673608582
21795842337
853130128219
369248423624
725408801256
171964153981
248358675496
560165438972
758079450023
70041331902
660460405493
669132581799
887441561662
406689254408
349278580596
614187584810
54186045921
409597063392
884243441021
799791776894
780726516258
454742301476
944620689113
35118110465
515842522440
421774345762
590734670956
802752482897
731590907061
708764040869
299467570254
332040471605
29703398969
432985072515
217148446576
564084909721
7640902
59494736409
368638177519
837363680383
655097395020
834291047767
496202088093
137668805576
311140884704
383289786821
18782179103
343007574205
58910719541
72790112604
309737649259
352342349240
272749231070
750339738735
813104578471
277874663079
8673262975
267219305264
541713343347
935268507450
325347604954
479946820678
861094826105
463057233025
850746101013
584948441792
35635765814
684205893663
211059414446
127632600595
195875921751
1805957313
211761909024
346918343238
196123415500
387644664884
86152977580
280617944129
455280780566
345467750027
228426901284
565061894923
451570693067
764702634097
182791659563
304891571113
419117569337
488414179729
355403007534
675861200791
742991686993
212035205916
216548022123
256606833488
511333923954
738394522804
977253485535
542511638455
567773531268
194478788412
661080628598
652977473601
408761731724
344762424904
858460489675
151644895377
338836715671
931797761981
305493526316
676356468062
537348317151
317985878540
912133901443
796777998172
37760755661
926690031953
270712161847
313016406622
310511790791
789326763105
782460955263
373762793476
642591299856
419755024627
174386689380
80642769711
395919985124
793425696027
886856299329
648398470466
531932150461
123539247001
524017275478
436401213800
525438728085
133673936195
16307329258
99352781682
293041634593
215715496703
484197879552
725377497325
706924010572
710884024561
488084545297
250510512525
857303546492
972428725062
566700239928
636232495016
151994298157
781110636935
499719127188
756387619286
201153608331
610763359415
508324653715
585995754853
173814137301
503542382173
755438186815
352175265961
90198863639
347845239518
316551556835
575653191670
147402765068
432671467780
349670444839
373396264387
721609052854
680587304044
570215271903
357161805641
28563994184
595493002914
379013185592
364005403894
731572985701
430096718563
109249164295
87598891903
333768637733
202077488659
535438014483
395442184505
343532816805
557204728720
742193085235
440674015331
769525537754
828534474151
456231902437
