93
96839
81407
76319
37726
59137
60166
423
93446
49298
8759
85161
60874
28481
73909
97748
24010
85895
60724
91326
84799
46060
86119
30455
50786
40818
34869
44405
91861
34180
13490
49251
25181
29910
14016
89704
39426
69203
16676
89271
84386
40486
82346
13680
81295
56277
6180
51689
57832
95752
14258
57375
16185
89987
94859
64441
15228
87017
55962
20369
42601
16328
75464
36209
98242
34275
49648
49628
10876
99766
29769
59227
69279
37447
47513
60928
75154
67303
79122
51649
4559
45556
27477
96625
65532
76870
85185
63468
79761
27989
78358
27522
8552
61972
